1900 900009
1901 901109
1902 902209
1903 903309
1904 904409
1905 905509
1906 906609
1907 907709
1908 908809
1909 909909
1910 910019
1911 911119
1912 912219
1913 913319
1914 914419
1915 915519
1916 916619
1917 917719
1918 918819
1919 919919
1920 920029
1921 921129
1922 922229
1923 923329
1924 924429
1925 925529
1926 926629
1927 927729
1928 928829
1929 929929
1930 930039
1931 931139
1932 932239
1933 933339
1934 934439
1935 935539
1936 936639
1937 937739
1938 938839
1939 939939
1940 940049
1941 941149
1942 942249
1943 943349
1944 944449
1945 945549
1946 946649
1947 947749
1948 948849
1949 949949
1950 950059
1951 951159
1952 952259
1953 953359
1954 954459
1955 955559
1956 956659
1957 957759
1958 958859
1959 959959
1960 960069
1961 961169
1962 962269
1963 963369
1964 964469
1965 965569
1966 966669
1967 967769
1968 968869
1969 969969
1970 970079
1971 971179
1972 972279
1973 973379
1974 974479
1975 975579
1976 976679
1977 977779
1978 978879
1979 979979
1980 980089
1981 981189
1982 982289
1983 983389
1984 984489
1985 985589
1986 986689
1987 987789
1988 988889
1989 989989
1990 990099
1991 991199
1992 992299
1993 993399
1994 994499
1995 995599
1996 996699
1997 997799
1998 998899
1999 999999
2000 1000001