59 11211
60 11511
61 11711
62 11811
63 12121
64 12221
65 12621
66 12921
67 13131
68 13731
69 14241
70 14541
71 15051
72 15851
73 15951
74 16261
75 16761
76 17171
77 18381
78 18681
79 19491
80 19591
81 19691
82 20002
83 20402
84 20702
85 20802
86 20902
87 21212
88 22222
89 22922
90 23132
91 24042
92 24342
93 24542
94 24742
95 24942
96 25052
97 26062
98 26162
99 26462
100 27172
101 28082
102 28282
103 28382
104 28582
105 28882
106 28982
107 30003
108 30503
109 30603
110 31113
111 31413
112 31913
113 32123
114 32223
115 32523
116 32623
117 32923
118 33333
119 33733
120 34143
121 34243
122 34743
123 35253
124 35453
125 35553
126 36063
127 36163
128 37373
129 37873
130 37973
131 38283
132 38883
133 39093
134 39193
135 39593
136 39693
137 39893
138 40604
139 41114
140 41214
141 41914
142 42124
143 42524
144 43334
145 43934
146 44644
147 45154
148 45354
149 45854
150 47174
151 47274
152 47474
153 48284
154 49594
155 49994
156 50005
157 50105
158 50205
159 50405
160 50605
161 51815
162 51915
163 52025
164 52225
165 52825
166 53635
167 53735
168 54245
169 54345
170 54645
171 54845
172 55155
173 55255
174 55455
175 55555
176 56165
177 56465
178 56665
179 57175
180 57775
181 58785
182 58985
183 59095
184 59395
185 59495
186 60106
187 60706
188 60906
189 61316
190 62326
191 62626
192 62726
193 62926
194 63236
195 63436
196 63836
197 64046
198 64146
199 64546
200 64946
201 65356
202 66266
203 66466
204 66566
205 66866
206 66966
207 68086
208 68186
209 68386
210 68686
211 68786
212 68986
213 69196
214 69796
215 70007
216 70407
217 70807
218 70907
219 71117
220 71517
221 71617
222 71817
223 72127
224 72427
225 72527
226 72627
227 73337
228 74847
229 75057
230 75257
231 75757
232 75957
233 76067
234 76467
235 76867
236 77577
237 77777
238 78287
239 78987
240 79097
241 79597
242 79797
243 80708
244 81318
245 81818
246 82028
247 82828
248 83138
249 83238
250 83738
251 84748
252 85058
253 85258
254 85458
255 85558
256 85758
257 86068
258 86468
259 87378
260 87478
261 87878
262 88588
263 88988
264 89198
265 89498
266 89798
267 89898
268 89998
269 91119
270 91419
271 91819
272 92229
273 92729
274 92929
275 93439
276 93939
277 94449
278 94549
279 95259
280 95459
281 95559
282 95659
283 95859
284 96069
285 97179
286 97279
287 97479
288 97679
289 97779
290 98589
291 99199
292 99399
293 99499
294 99699
295 99799